738410
1609657
1609656
1609653
1609651
321745
774892
1459615
1459614
1459613
1459612
321749
321748
321746
321744
1103507
1103506
422946
422945
720637
1666589
1666588
1645838
1525223
1525222
478220
478219
144504
144494
614466
738409
738408
738407
738406
690567
690566
690557
690556
1323075
1323063
1323062
1323061
1401872
1401843
1401837
1401836
1401835
1401834
1401833
1401832
1382767
1382766
1382765
1382752
1382749
1347389
297644
267889
144495
1174442
1174410
1174409
1174408
144502
144497
144492
738673
738672
738412
738411
738405
738404
738403
738402
738401
738400
738399
738398
1102007
1102006
1102005
1102003
1099777
1090674
1090672
568644
568643
568642
568641
478221
478218
478217
478216
478215
478214
396119
396118
395928
395927
395926
395925
395924
395923
395922
395921
395918
720635
720634
651755
651754
1609666
1609665
1609664
1609663
1609731
1609730
1609729
1609728
1609727
1609726
1609725
1609724
1609723
1609722
1609721
1609720
1609719
1609718
1609717
1609716
1609715
1609714
1609713
1609712
1609711
1609710
1609709
1609708
1609707
1609706
1609705
1609704
1609703
1609702
1609701
1609700
1609699
1609698
1609697
1609696
1609695
1609694
1609693
1609692
1609691
1609690
1609689
1609688
1609687
1609686
1609685
1609684
1609683
1609682
1609681
1609680
1609679
1609678
1609677
1609676
1609675
1609674
1609673
1609672
1609671
1609670
1609669
1609668
1609667
1609662
1609661
1609660
1609659
1609658
1609655
1609654
1609652
1609650
1609649
1609648
1609647
1609646
1609645
1609644
1609643
1609642
774893
1459630
1459629
1459628
1459627
1459626
1459625
1459624
1459623
1459622
1459621
1459620
1459619
1459618
1459617
1459616
1459611
322904
322903
322902
322901
322900
322899
322898
322897
322896
322895
322894
322893
322892
322891
322890
322889
322888
322887
322886
322885
322884
322883
321747
1103508
584819
584818
584817
584816
584815
584814
584813
584812
584811
584810
584809
584808
584807
584806
584805
584804
584803
584802
584801
584641
584640
584639
584638
584637
584636
584635
584634
584633
584632
584631
584630
584629
584628
584627
584626
584625
584624
584623
584622
584621
584620
584619
584618
584617
584616
584615
584614
584613
584612
584611
584610
584609
584608
584607
584606
584605
584604
584603
422949
422948
422947
1666592
1666591
1666590
1666587
1664497
1664471
1664470
1664469
1664468
1660529
1660527
1651144
1651105
1651104
1651103
1651102
1651101
1651100
1650796
1650769
1650768
268357
268356
1631797
1631796
1631795
1631794
1628521
1628491
1628490
1628489
1628488
1628487
1628486
1622847
1613045
1613044
1613043
1613042
1610982
1610896
1610894
1610893
1610892
1610891
1610890
1603889
1603888
1603772
1603763
1603762
1603761
1603760
1603759
1603758
1603754
1603753
1603752
1603751
1603491
1600957
1600937
1600910
1600909
1600908
1600907
1600906
1600905
1600904
1600877
1600876
1600875
1600874
1600862
1600861
1600860
1600859
1600858
1600857
1600856
1600855
1600854
1600853
1600852
1599284
1599205
1599204
1599203
1599202
1596411
1596365
1596364
1596359
1596358
1596357
1596356
1576194
1576193
1576192
1576191
1575697
1575208
1575204
1575199
1567459
1567458
1567388
1567387
1567386
1567385
1565777
1565776
1565775
1565774
1565773
1565772
1565282
1565275
1565241
1565240
1565239
1565238
1565237
1562689
1562609
1562608
1562607
1562603
1555444
1555443
1549902
1549871
1549870
1539352
1539343
1539335
1539334
1539333
1539332
1539331
1539330
1539329
1539328
1539327
1539326
1539325
1539324
1539323
1539322
1539321
1539320
1539319
1539318
1539317
1539316
1539315
1539314
1539313
1539312
1539311
1539310
1539309
1539308
1539307
1539306
1539305
1539304
1539303
1539302
1539301
1539300
1539299
1539298
1539297
1539296
1539295
1539294
1539293
1539292
1539291
1539290
1539289
1539288
1539287
1539286
1539285
1539284
1539283
1539282
1539281
1539280
1539279
1539278
1539277
1539276
1538607
1538606
1538605
1538604
1538603
1538602
1538601
1528314
1528266
1528265
1525232
1525231
1525230
1525229
1525228
1525227
1525226
1525225
1525224
1520441
1520394
1520393
1520392
1520391
1520390
1520389
1515521
1515520
1515519
1515453
1515452
1515451
1515450
1515449
1515448
1515447
1515446
1515445
1515444
1515443
1515442
1515441
1515440
396126
396123
396120
395929
321548
288491
288490
457865
267798
234417
234411
233953
1258519
500715
491819
491599
491598
491597
478222
1336781
1336750
1336749
1336748
1336747
1335882
1335863
1335862
1335861
1335711
1335671
1335670
1335669
1335668
1335667
1335666
776386
776385
776384
776383
234414
234413
234412
215474
774809
774808
774807
774806
769613
769611
769610
769609
769608
769607
769606
769605
756746
747237
747236
747227
747209
747206
745795
745794
745787
745786
744668
627147
614465
614464
614463
614462
614461
608126
600321
600320
600319
600318
733305
733304
733303
733302
733301
727884
726467
726466
726465
663117
663112
663108
663107
663106
663105
647490
647319
647314
647313
647312
636064
635967
635959
635958
635957
528385
527886
527885
527884
527883
527882
527881
527880
526313
526312
526311
1206213
1206148
1206147
1206146
1202123
1202122
1190172
1190155
1190154
1190153
1190152
1190151
1190150
1190149
1190148
1190147
1190146
1190145
1190144
1190143
1190142
1190141
1190140
1187287
1187280
1187279
1187276
1187275
1187274
1186577
1185744
1185722
1185488
1185487
1185486
1185485
1185484
1185483
1185179
1178014
1178013
1178012
1178011
1178010
1178009
1178008
1178007
1178006
1178005
1178004
1178003
1178002
1175493
1175471
1175461
1175460
1174411
1170982
1170980
1170979
1170978
1170977
1170971
1170970
1170967
1170966
1170964
1170961
1170960
1170952
1170948
1166334
1166323
1166322
1166321
1166320
1165254
1165253
1165235
1163449
1163448
1163447
1163446
1163445
1163444
1163443
1163442
1162838
1162827
1162817
1162816
1162815
1162814
1162277
1162267
1162266
1162265
1162264
1162215
1162209
1162208
1162207
1162206
1162205
1161325
1161119
1161118
716397
716395
713418
700879
700877
700876
700875
700556
690570
690569
690568
690565
690564
690563
690562
690561
690560
690559
690558
690555
1329426
1329378
1329377
1329376
1329375
1326833
1326807
1326806
1323076
1323074
1323073
1323072
1323071
1323070
1323069
1323068
1323067
1323066
1323065
1323064
1323060
1323059
1323058
1323057
1323056
1323055
1323054
1323053
1323052
1323051
1323050
1323049
1323048
1323047
1323046
1323045
1323044
1323043
1323042
1323041
1323040
1323039
1323038
1323037
1323036
1323035
1323034
1323033
1323032
1323031
1323030
1323029
1323028
1323027
1323026
1323025
1323024
1323023
1323022
1323021
1323020
1323019
1323018
1323017
1323016
1323015
1323014
1323013
1323012
1323011
1323010
1323009
1323008
1323007
1323006
1323005
1323004
1323003
1323002
1323001
1323000
1322999
1322998
1322997
1322996
1319566
1319565
1319564
1319563
1319562
1310509
1310454
1310453
1310452
1310410
1310409
1310408
1310407
1308560
1308558
1308556
1308554
1308546
1308543
1306313
1306300
1306299
1303234
1300987
1300986
1300950
1300949
1300948
1300947
1300841
1300840
1300839
1300838
1300837
1296470
1296459
1296458
1296457
1292161
1292142
1292141
1292140
1292139
1292138
1252549
1252548
1252547
1252546
1252545
1252544
1252543
1252542
1247301
1247278
1247277
1247276
1244565
1244542
1244541
1244540
1242153
1242128
1242127
1242126
1242125
1235406
1235404
1235400
1235396
1235392
1235388
1228075
1228054
1228053
1508556
1507188
1507187
1507186
1507185
1507184
1507183
1507134
1507133
1507132
1506914
1506881
1506880
1506879
1506878
1503636
1503635
1502988
1502987
1502986
1502985
1502983
1502982
1502981
1502980
1502979
1502978
1501899
1501882
1501878
1501877
1500566
1500565
1500530
1500529
1500528
1500527
1496291
1496270
1495320
1495319
1495279
1493782
1493781
1493777
1493776
1284133
1284130
1284129
1284128
1284127
1284126
1284125
1284124
1284123
1284122
1284121
1284120
1284119
1284118
1284117
1277297
1277134
1277075
1277074
1277073
1277072
1276754
1276753
1276752
1276751
1273924
1273898
1273897
1273896
1273895
1267551
1267543
1267542
1267541
1267536
1265406
1261173
1261137
1261136
1261135
1261134
1261133
1261132
1491417
1491416
1491415
1491414
1491413
1488504
1488494
1488493
1485440
1485438
1485437
1485436
1485426
1485425
1485424
1485423
1485422
1485421
1480779
1480740
1480739
1480738
1480737
1480736
1474431
1474400
1474399
1474398
1474397
1474394
1474393
1474392
1474391
1474390
1469266
1469262
1469261
1469222
1469220
1469217
1469216
1469211
1469210
1469209
1469208
1469207
1469206
1469205
1469204
1469203
1466728
1466719
1466710
1466709
1466708
1466707
1460266
1460265
1460264
1460263
1460262
1460261
1460260
1460251
1460250
1460249
1460248
1460247
1460246
1460245
1460244
1460240
1458877
1458857
1458825
1458824
1458823
1458822
1458821
1458820
1458819
1458818
1458817
1458816
1458815
1458814
1452611
1452566
1452565
1452564
1452563
1452562
1452561
1452560
1450064
1450041
1450040
1450039
1450038
1446332
1446280
1446279
1446278
1446277
1446276
1444133
1444115
1444114
1444113
1444112
1444111
1444110
1444109
1438365
1438358
1438356
1437139
1437119
1437118
1437117
1437116
1437115
1437114
1437113
1437112
1437111
1437096
1437095
1437094
1437093
1437092
1437091
1437090
1435382
1435372
1435371
1435370
1435369
1434303
1434302
1434301
1434300
1434299
1434298
1434297
1434296
1434295
1434294
1432465
1432314
1432313
1432312
1432311
1432310
1432309
1432307
1432306
1432305
1432304
1432151
1432114
1432113
1432112
1431849
1431845
1431842
1431831
1431830
1431829
1431828
1431827
1428496
1428473
1428467
1428466
1428465
1428464
1428463
1428462
1428461
1428460
1427719
1426715
1426714
1426713
1426712
1426711
1426710
1426709
1426653
1426649
1426553
1426552
1426549
1426548
1426547
1426546
1076718
1064574
1064573
1064221
1064220
1064219
1064218
1064217
1064216
1064215
1064214
1063116
1063115
1063114
1063113
1063112
1063111
1063110
1063109
1063105
1061796
1061795
1061794
1061793
1061792
1057245
1057244
1057243
1057242
1057241
1057240
1057239
1057238
1057237
1057236
1057235
1057231
1057230
1057229
1057214
1419621
1419586
1419585
1419584
1419583
1419582
1419581
1419580
1419579
1419578
1419577
1415867
1415865
1415424
1413769
1413767
1413765
1413763
1411939
1411937
1407630
1405117
1405075
1405074
1404853
1404851
1404850
1404849
1404848
1404845
1403370
1401871
1401870
1401869
1401868
1401867
1401866
1401865
1401864
1401863
1401862
1401861
1401860
1401859
1401858
1401857
1401856
1401855
1401854
1401853
1401852
1401851
1401850
1401849
1401848
1401847
1401846
1401845
1401844
1401842
1401841
1401840
1401839
1401838
1397318
1397310
1397261
1397260
1397259
1397257
1397256
1397255
1395043
1395039
1393881
1393845
1393844
1393843
1393842
1390875
1143736
1143735
1138470
1138469
1138468
1138467
1138466
1138465
1390537
1390536
1390504
1390503
1390502
1390501
1390500
1383657
1383656
1383655
1383654
1383649
1383647
1383645
1383644
1383642
1382772
1382771
1382770
1382769
1382768
1382764
1382763
1382762
1382761
1382760
1382759
1382758
1382757
1382756
1382755
1382754
1382753
1382751
1382750
1382748
1382747
1381302
1381261
1381260
1381259
1366858
1361206
1361205
1361204
1361189
1361188
1357960
1357959
1357958
1357552
1357528
1357527
1357526
1357525
1352151
1352150
1352144
1352143
1352142
1352141
411107
405709
405708
405707
405706
405705
405704
346046
346042
344467
407947
384226
384215
384214
383951
340588
402061
330892
330891
321546
300145
300144
300129
297643
297642
297641
297640
297639
297638
297637
297636
297635
297634
297633
297632
297631
297630
297629
297628
297627
297626
288489
288488
288487
288486
288485
268856
268855
268854
268853
268852
268851
268850
268849
268848
268847
268359
267787
251313
251312
251311
251310
251309
144499
144480
1202169
1202125
1202124
1202121
1185726
1185725
1185724
1185723
1174441
1174440
1174439
1174438
1174437
1174436
1174435
1174434
1174433
1174432
1174431
1174430
1174429
1174428
1174427
1174426
1174425
1174424
1174423
1174422
1174421
1174420
1174419
1174418
1174417
1174416
1174415
1174414
1174413
1174412
1165538
1163493
1161350
1161324
1161323
1161322
1161321
1154440
144503
144500
144498
144493
54285
215473
1076721
1076720
1076719
1076717
1076716
1076715
1055303
1055302
1055301
1055300
775943
775942
775941
775940
775939
775938
754330
752863
752862
747235
747234
747233
747232
747231
747230
747229
747228
747226
747225
747224
747223
747222
747221
747220
747219
747218
747217
747216
747215
747214
747213
747212
747211
747210
747208
747207
747205
747204
747203
747202
747201
747200
745805
745800
745799
745798
745797
745796
745793
745792
745791
745790
745789
745788
745785
1111116
1102008
1102004
1099776
1090673
1090671
1090670
1090669
1090668
1090667
1090666
1090665
1090664
1090663
1090662
1090661
1090660
1090659
1090658
1090657
1090656
1090655
1090654
1090653
1090652
1090651
1090650
1090649
1090648
1090462
1090461
1090457
1090452
1090449
1090448
1090434
1090433
1090428
716396
703748
675250
576510
576509
576508
576507
568648
568647
568646
568645
568640
568639
568638
568637
568636
568635
549191
549190
549189
549150
549149
549148
549147
549146
549145
521064
521063
521062
521061
521060
521059
521058
521057
521056
521055
521054
521053
521052
521051
521050
521049
521048
521047
521046
513937
503302
503301
503300
503299
503298
502267
502266
502265
502264
500514
500513
500512
500511
500510
500509
500508
500507
500506
500505
500504
500503
500502
500501
500500
500499
500494
500492
500486
500469
500468
486867
486652
468804
468803
468802
468801
468800
468799
468798
468797
468796
468795
468794
468793
468792
468791
468790
468789
468788
468787
468786
468785
468784
468459
468235
468234
468233
468232
468231
468230
468229
468228
468227
468226
468225
468224
468223
468222
468221
468220
468219
468218
468217
468216
468151
468146
465214
465211
458860
458856
427711
396125
396124
396122
396121
395920
395919
351663
351662
1339188
1339174
1336759
1308614
1308549
1308548
1308547
1308545
1308544
1308542
1308541
1308540
1308539
1307585
1307582
1307581
1307580
1287202
1265407
1265405
1263361
540299
624068
624062
1465
1664496
1664495
1664494
1664493
1664492
1664491
1664490
1664489
1664488
1664487
1664486
1664485
1664484
1664483
1664482
1664481
1664480
1664479
1664478
1664477
1664476
1664475
1664474
1664473
1664472
1660530
1660528
1660526
1660525
1660524
1660523
1660522
1660521
1660520
1660519
1660518
1660517
1660516
1652033
1652032
1652031
1652030
1652029
1652028
1652027
1652026
1652025
1652024
1652023
1652022
1652021
1652020
1652019
1652018
1652017
1652016
1652015
1652014
1651143
1651142
1651141
1651140
1651139
1651138
1651137
1651136
1651135
1651134
1651133
1651132
1651131
1651130
1651129
1651128
1651127
1651126
1651125
1651124
1651123
1651122
1651121
1651120
1651119
1651118
1651117
1651116
1651115
1651114
1651113
1651112
1651111
1651110
1651109
1651108
1651107
1651106
1650795
1650794
1650793
1650792
1650791
1650790
1650789
1650788
1650787
1650786
1650785
1650784
1650783
1650782
1650781
1650780
1650779
1650778
1650777
1650776
1650775
1650774
1650773
1650772
1650771
1650770
1599219
1599218
1599217
1599216
1538633
1538632
1538631
1538630
1538629
1538628
1538627
1538626
1503649
1503648
1503647
1503646
1503645
1503644
1503643
1503642
1458855
1458854
1458853
1458852
1458851
1426567
1426566
1426565
1308610
1308609
1308608
1308607
1308606
1308605
1287162
1186574
1064559
1064558
1064557
1064556
734048
734047
1631817
1631816
1631815
1631814
1631813
1631812
1631811
1631810
1631809
1631808
1631807
1631806
1631805
1631804
1631803
1631802
1631801
1631800
1631799
1631798
1630845
1630844
1630843
1630842
1630841
1630840
1630839
1630838
1630837
1630836
1630835
1630834
1630833
1630832
1630831
1630830
1628520
1628519
1628518
1628517
1628516
1628515
1628514
1628513
1628512
1628511
1628510
1628509
1628508
1628507
1628506
1628505
1628504
1628503
1628502
1628501
1628500
1628499
1628498
1628497
1628496
1628495
1628494
1628493
1628492
1613066
1613065
1613064
1613063
1613062
1613061
1613060
1613059
1613058
1613057
1613056
1613055
1613054
1613053
1613052
1613051
1613050
1613049
1613048
1613047
1613046
1610981
1610980
1610979
1610978
1610977
1610976
1610975
1610974
1610973
1610972
1610971
1610970
1610969
1610968
1610967
1610966
1610965
1610964
1610963
1610962
1610961
1610960
1610959
1610958
1610957
1610956
1610955
1610954
1610953
1610952
1610951
1610950
1610949
1610948
1610947
1610946
1610945
1610944
1610943
1610942
1610941
1610940
1610939
1610938
1610937
1610936
1610935
1610934
1610933
1610932
1610931
1610930
1610929
1610928
1610927
1610926
1610925
1610924
1610923
1610922
1610921
1610920
1610919
1610918
1610917
1610916
1610915
1610914
1610913
1610912
1610911
1610910
1610909
1610908
1610907
1610906
1610905
1610904
1610903
1610902
1610901
1610900
1610899
1610898
1610897
1610895
1603957
1603956
1603955
1603954
1603953
1603952
1603951
1603950
1603949
1603948
1603947
1603946
1603945
1603944
1603943
1603942
1603941
1603940
1603939
1603938
1603937
1603936
1603935
1603934
1603933
1603932
1603931
1603930
1603929
1603928
1603927
1603926
1603925
1603924
1603923
1603922
1603921
1603920
1603919
1603918
1603917
1603916
1603915
1603914
1603913
1603912
1603911
1603910
1603909
1603908
1603907
1603906
1603905
1603904
1603903
1603902
1603901
1603900
1603899
1603898
1603897
1603896
1603895
1603894
1603893
1603892
1603891
1603890
1603887
1603886
1603885
1603884
1603883
1603882
1603881
1603880
1603879
1603878
1603877
1603876
1603875
1603874
1603873
1603872
1603871
1603870
1603869
1603868
1603867
1603866
1603865
1603864
1603863
1603862
1603861
1603860
1603859
1603858
1603857
1603856
1603855
1603854
1603853
1603852
1603851
1603850
1603849
1603848
1603847
1603846
1603845
1603844
1603843
1603842
1603841
1603840
1603839
1603838
1603837
1603836
1603835
1603834
1603833
1603832
1603831
1603830
1603829
1603828
1603827
1603826
1603825
1603824
1603823
1603822
1603821
1603820
1603819
1603818
1603817
1603816
1603815
1603814
1603813
1603812
1603811
1603810
1603809
1603808
1603807
1603806
1603805
1603804
1603803
1603802
1603801
1603800
1603799
1603798
1603797
1603796
1603795
1603794
1603793
1603792
1603791
1603790
1603789
1603788
1603787
1603786
1603785
1603784
1603783
1603782
1603781
1603780
1603779
1603778
1603777
1603776
1603775
1603774
1603773
1603771
1603770
1603769
1603768
1603767
1603766
1603765
1603764
1603757
1603756
1603755
1603750
1603749
1603748
1603747
1603746
1603745
1603744
1603743
1603742
1603741
1603740
1603739
1603738
1603737
1603490
1603489
1603488
1603487
1603486
1603485
1603484
1603483
1603482
1603481
1603480
1603479
1603478
1603477
1603476
1603475
1603474
1603473
1603472
1603471
1603470
1603469
1603468
1603467
1603466
1603465
1603464
1603463
1603462
1603461
1603460
1603459
1603458
1603457
1603456
1603455
1603454
1603453
1603452
1603451
1603450
1603449
1603448
1600956
1600955
1600954
1600953
1600952
1600951
1600950
1600949
1600948
1600947
1600946
1600945
1600944
1600943
1600942
1600941
1600940
1600939
1600938
1600936
1600935
1600934
1600933
1600932
1600931
1600930
1600929
1600928
1600927
1600926
1600925
1600924
1600923
1600922
1600921
1600920
1600919
1600918
1600917
1600916
1600915
1600914
1600913
1600912
1600911
1600903
1600902
1600901
1600900
1600899
1600898
1600897
1600896
1600895
1600894
1600893
1600892
1600891
1600890
1600889
1600888
1600887
1600886
1600885
1600884
1600883
1600882
1600881
1600880
1600879
1600878
1600873
1600872
1600871
1600870
1600869
1600868
1600867
1600866
1600865
1600864
1600863
1599283
1599282
1599281
1599280
1599279
1599278
1599277
1599276
1599275
1599274
1599273
1599272
1599271
1599270
1599269
1599268
1599267
1599266
1599265
1599264
1599263
1599262
1599261
1599260
1599259
1599258
1599257
1599256
1599255
1599254
1599253
1599252
1599251
1599250
1599249
1599248
1599247
1599246
1599245
1599244
1599243
1599242
1599241
1599240
1599239
1599238
1599237
1599236
1599235
1599234
1599233
1599232
1599231
1599230
1599229
1599228
1599227
1599226
1599225
1599224
1599223
1599222
1599221
1599220
1599215
1599214
1599213
1599212
1599211
1599210
1599209
1599208
1599207
1599206
1599201
1599200
1599199
1599198
1599197
1599196
1599195
1599194
1599193
1596410
1596409
1596408
1596407
1596406
1596405
1596404
1596403
1596402
1596401
1596400
1596399
1596398
1596397
1596396
1596395
1596394
1596393
1596392
1596391
1596390
1596389
1596388
1596387
1596386
1596385
1596384
1596383
1596382
1596381
1596380
1596379
1596378
1596377
1596376
1596375
1596374
1596373
1596372
1596371
1596370
1596369
1596368
1596367
1596366
1596363
1596362
1596361
1596360
1596355
1596354
1585683
1585682
1585681
1585680
1585679
1585678
1585677
1585676
1585675
1585674
1585673
1585672
1585671
1585670
1585669
1585668
1585667
1585666
1585665
1585664
1585663
1585662
1585661
1585660
1585659
1585658
1585657
1585656
1585655
1585654
1585653
1585652
1575696
1575207
1575206
1575205
1575203
1575202
1575201
1575200
1575198
1575197
1575196
1575195
1575194
1567460
1567457
1567456
1567455
1567454
1567453
1567452
1567451
1567450
1567449
1567448
1567447
1567446
1567445
1567444
1567443
1567442
1567441
1567440
1567439
1567438
1567437
1567436
1567435
1567434
1567433
1567432
1567431
1567430
1567429
1567428
1567427
1567426
1567425
1567424
1567423
1567422
1567421
1567420
1567419
1567418
1567417
1567416
1567415
1567414
1567413
1567412
1567411
1567410
1567409
1567408
1567407
1567406
1567405
1567404
1567403
1567402
1567401
1567400
1567399
1567398
1567397
1567396
1567395
1567394
1567393
1567392
1567391
1567390
1567389
1566408
1566407
1566406
1566405
1566404
1566403
1566402
1566401
1566400
1566399
1566398
1566397
1565807
1565806
1565805
1565804
1565803
1565802
1565801
1565800
1565799
1565798
1565797
1565796
1565795
1565794
1565793
1565792
1565791
1565790
1565789
1565788
1565787
1565786
1565785
1565784
1565783
1565782
1565781
1565780
1565779
1565778
1565281
1565280
1565279
1565278
1565277
1565276
1565274
1565273
1565272
1565271
1565270
1565269
1565268
1565267
1565266
1565265
1565264
1565263
1565262
1565261
1565260
1565259
1565258
1565257
1565256
1565255
1565254
1565253
1565252
1565251
1565250
1565249
1565248
1565247
1565246
1565245
1565244
1565243
1565242
1562688
1562687
1562686
1562685
1562684
1562683
1562682
1562681
1562680
1562679
1562678
1562677
1562676
1562675
1562674
1562673
1562672
1562671
1562670
1562669
1562668
1562667
1562666
1562665
1562664
1562663
1562662
1562661
1562660
1562659
1562658
1562657
1562656
1562655
1562654
1562653
1562652
1562651
1562650
1562649
1562648
1562647
1562646
1562645
1562644
1562643
1562642
1562641
1562640
1562639
1562638
1562637
1562636
1562635
1562634
1562633
1562632
1562631
1562630
1562629
1562628
1562627
1562626
1562625
1562624
1562623
1562622
1562621
1562620
1562619
1562618
1562617
1562616
1562615
1562614
1562613
1562612
1562611
1562610
1562606
1562605
1562604
1555455
1555454
1555453
1555452
1555451
1555450
1555449
1555448
1555447
1555446
1555445
1555442
1549901
1549900
1549899
1549898
1549897
1549896
1549895
1549894
1549893
1549892
1549891
1549890
1549889
1549888
1549887
1549886
1549885
1549884
1549883
1549882
1549881
1549880
1549879
1549878
1549877
1549876
1549875
1549874
1549873
1549872
1549869
1549868
1549867
1549866
1549865
1549864
1549863
1549862
1539351
1539350
1539349
1539348
1539347
1539346
1539345
1539344
1539342
1539341
1539340
1539339
1539338
1539337
1539336
1539275
1539274
1539273
1539272
1539271
1539270
1539269
1539268
1539267
1539266
1539265
1539264
1539263
1539262
1539261
1539260
1539259
1539258
1539257
1539256
1539255
1539254
1539253
1539252
1539251
1539250
1539249
1539248
1539247
1539246
1539245
1539244
1539243
1539242
1539241
1539240
1539239
1539238
1539237
1539236
1539235
1539234
1539233
1539232
1539231
1539230
1539229
1539228
1539227
1539226
1539225
1539224
1539223
1539222
1539221
1539220
1539219
1539218
1539217
1538653
1538652
1538651
1538650
1538649
1538648
1538647
1538646
1538645
1538644
1538643
1538642
1538641
1538640
1538639
1538638
1538637
1538636
1538635
1538634
1538625
1538624
1538623
1538622
1538621
1538620
1538619
1538618
1538617
1538616
1538615
1538614
1538613
1538612
1538611
1538610
1538609
1538608
1538600
1538599
1538598
1538597
1538596
1538595
1538594
1538593
1538592
1538591
1538590
1538589
1538588
1538587
1538586
1538585
1538584
1538583
1538582
1538581
1538580
1538579
1538578
1538577
1538576
1538575
1538574
1538573
1538572
1538571
1538570
1538569
1538568
1538567
1538566
1538565
1538564
1538563
1538562
1538561
1538560
1538559
1538558
1538557
1538556
1538555
1538554
1538553
1538552
1538551
1538550
1528313
1528312
1528311
1528310
1528309
1528308
1528307
1528306
1528305
1528304
1528303
1528302
1528301
1528300
1528299
1528298
1528297
1528296
1528295
1528294
1528293
1528292
1528291
1528290
1528289
1528288
1528287
1528286
1528285
1528284
1528283
1528282
1528281
1528280
1528279
1528278
1528277
1528276
1528275
1528274
1528273
1528272
1528271
1528270
1528269
1528268
1528267
1528264
1528263
1528262
1520440
1520439
1520438
1520437
1520436
1520435
1520434
1520433
1520432
1520431
1520430
1520429
1520428
1520427
1520426
1520425
1520424
1520423
1520422
1520421
1520420
1520419
1520418
1520417
1520416
1520415
1520414
1520413
1520412
1520411
1520410
1520409
1520408
1520407
1520406
1520405
1520404
1520403
1520402
1520401
1520400
1520399
1520398
1520397
1520396
1520395
1515518
1515517
1515516
1515515
1515514
1515513
1515512
1515511
1515510
1515509
1515508
1515507
1515506
1515505
1515504
1515503
1515502
1515501
1515500
1515499
1515498
1515497
1515496
1515495
1515494
1515493
1515492
1515491
1515490
1515489
1515488
1515487
1515486
1515485
1515484
1515483
1515482
1515481
1515480
1515479
1515478
1515477
1515476
1515475
1515474
1515473
1515472
1515471
1515470
1515469
1515468
1515467
1515466
1515465
1515464
1515463
1515462
1515461
1515460
1515459
1515458
1515457
1515456
1515455
1515454
503314
407939
407938
407937
407936
383727
383726
383725
308822
308821
308820
308819
308818
308817
457864
457863
457862
457861
457860
457859
457858
457857
457856
457855
457854
457853
457852
457851
457850
457849
457848
457847
457846
457840
457839
457838
457837
457836
457835
457834
457833
457832
457831
457830
457829
457548
411096
405741
405740
405739
405738
346058
340586
267797
503322
503321
503320
503319
503318
503317
503316
503315
503313
503312
503311
503310
503309
503308
503307
503306
503305
503304
503303
503292
497360
497351
497350
497349
491821
491818
491817
491816
491815
491610
491609
491608
491607
491606
491605
491604
491603
491602
491601
491600
1339185
1339183
1339182
1339181
1339180
1339179
1339176
1339175
1336780
1336779
1336778
1336777
1336776
1336775
1336773
1336772
1336771
1336770
1336769
1336768
1336767
1336766
1336765
1336764
1336751
1335881
1335880
1335879
1335878
1335877
1335876
1335875
1335874
1335873
1335872
1335871
1335870
1335869
1335868
1335867
1335866
1335865
1335864
1335710
1335709
1335708
1335707
1335706
1335705
1335704
1335703
1335702
1335701
1335700
1335699
1335698
1335697
1335696
1335695
1335694
1335693
1335692
1335691
1335690
1335689
1335688
1335687
1335686
1335685
1335684
1335683
1335682
1335681
1335680
1335679
1335678
1335677
1335676
1335675
1335674
1335673
1335672
777326
777325
777324
777323
777322
777321
777320
777319
777318
777317
777316
777315
777314
777313
777312
777311
777310
777309
777308
777307
777306
776387
776382
776381
776380
776379
776378
776377
776376
776375
776374
776373
776372
776371
775944
775936
775871
775870
775869
679134
679133
675244
675243
774812
774811
774810
774805
774804
774803
774802
774801
774800
774799
774798
774797
774796
774795
774794
774793
774792
774791
774790
769612
769604
769603
769602
769601
769600
769599
769598
769597
769596
769595
769594
769593
769592
769591
769590
769589
769588
769587
769586
769585
769584
769583
769582
769581
769580
769579
769578
769577
769576
769575
769574
769573
769572
769571
769570
769569
769568
769567
769566
769565
769564
769563
769562
769561
769560
769559
769558
769557
769556
769555
769554
756745
756744
756743
756742
756741
756740
756739
756738
756737
756736
756735
756734
756733
756732
756731
756730
756729
756728
756727
756726
756725
756724
756723
754348
754347
754343
754337
754336
754335
754328
754322
752857
752590
752589
752588
752587
752586
752585
752584
752583
752582
752581
752580
752579
752578
752577
752576
752575
752574
752573
752572
752571
752570
752569
752568
752567
752566
752565
752564
752563
752562
752561
752560
752559
752558
752557
752556
752555
752554
752553
752552
752551
752550
752549
752548
752547
752546
752545
752544
752543
752542
752541
752540
752539
752538
752537
752536
752535
752534
752533
752532
752531
752530
752529
752528
752527
752526
752525
752524
752523
752522
747238
745802
745782
745778
744669
744667
744666
744665
744664
744663
744662
744661
744660
744659
744658
744657
744656
744655
744654
627311
627310
627309
627308
627307
627306
627305
627304
627303
627302
627301
627300
627299
627298
627297
627296
627295
627294
627241
627240
627239
627238
627237
627236
627235
627234
627233
627232
627231
627230
627229
627228
627227
627226
627225
627224
627223
627222
627221
627220
627219
627218
627217
627216
627159
627158
627157
627156
627155
627154
627153
627152
627151
627150
627149
627148
617171
617170
617169
617168
617167
608201
608200
608199
608198
608197
608196
608195
608194
608193
608192
608191
608190
608189
608188
608187
608186
608185
608184
608183
608182
608181
608132
608131
608130
608129
608128
608127
608125
608124
608123
608122
608121
608120
608119
608118
608117
600324
600323
600322
600317
600316
600315
600314
600313
600312
600311
600310
734043
734026
733745
733744
733743
733742
733741
733740
733620
733317
733316
733315
733314
733313
733312
733311
733310
733309
733308
733307
733306
733300
733299
733298
733297
733296
733295
733294
733293
733292
733291
733290
733289
733288
733287
733286
733285
733284
733283
733282
733281
733280
733279
733278
733277
733276
733275
733274
733273
733272
733271
726464
726463
726462
726461
726460
726459
726458
726457
726456
726455
726454
726453
726452
726451
663116
663115
663114
663113
663111
663110
663109
656952
656949
656947
656945
656943
647489
647488
647487
647486
647485
647484
647483
647482
647481
647480
647479
647478
647477
647476
647475
647347
647346
647345
647344
647343
647342
647341
647340
647339
647338
647337
647336
647335
647334
647333
647332
647331
647330
647329
647328
647327
647326
647325
647324
647323
647322
647321
647320
647318
647317
647316
647315
645992
645991
645990
645989
645988
645987
645986
645985
645984
645983
645982
645981
645980
645979
645978
645977
645976
645975
645974
645973
645972
645971
645970
645969
645968
645967
645966
645965
645821
645820
645819
645818
645817
645816
645815
645814
645813
645812
645811
645810
645809
645808
645807
645806
645805
645804
645803
645802
645801
645800
645799
645798
645797
645796
645795
645794
645793
645792
645791
645790
645789
645788
645787
636063
636062
636061
636060
636059
636058
636057
636056
636055
636054
636053
636052
636051
636050
636049
636048
636047
636046
636045
636044
636043
636042
635966
635965
635964
635963
635962
635961
635960
635956
635955
635954
635953
635952
635951
635950
635949
635948
528384
528383
528382
528381
528380
528379
528378
528377
528376
528375
528374
528373
528372
528371
528370
528369
528368
528367
528366
528365
528364
528363
528362
528361
527910
527909
527908
527907
527906
527905
527904
527903
527902
527901
527900
527899
527898
527897
527896
527895
527894
527893
527892
527891
527890
527889
527888
527887
526319
526318
526317
526316
526315
526314
526310
1206212
1206211
1206210
1206209
1206208
1206207
1206206
1206205
1206204
1206203
1206202
1206201
1206200
1206199
1206198
1206197
1206196
1206195
1206194
1206193
1206192
1206191
1206190
1206189
1206188
1206187
1206186
1206185
1206184
1206183
1206182
1206181
1206180
1206179
1206178
1206177
1206176
1206175
1206174
1206173
1206172
1206171
1206170
1206169
1206168
1206167
1206166
1206165
1206164
1206163
1206162
1206161
1206160
1206159
1206158
1206157
1206156
1206155
1206154
1206153
1206152
1206151
1206150
1206149
1202158
1202157
1202156
1190171
1190170
1190169
1190168
1190167
1190166
1190165
1190164
1190163
1190162
1190161
1190160
1190159
1190158
1190157
1190156
1187286
1187285
1187284
1187283
1187282
1187281
1187278
1187277
1186576
1186575
1186573
1186572
1186571
1186570
1186569
1186568
1186567
1186566
1186565
1186564
1186563
1186562
1186561
1186560
1186559
1186558
1186557
1186556
1186555
1186554
1185743
1185742
1185510
1185509
1185508
1185507
1185506
1185505
1185504
1185503
1185502
1185501
1185500
1185499
1185498
1185497
1185496
1185495
1185494
1185493
1185492
1185491
1185490
1185489
1185178
1178060
1178059
1178058
1178057
1178056
1178055
1178054
1178053
1178052
1178051
1178050
1178049
1178048
1178047
1178046
1178045
1178044
1178043
1178042
1178041
1178040
1178039
1178038
1178037
1178036
1178035
1178034
1178033
1178032
1178031
1178030
1178029
1178028
1178027
1178026
1178025
1178024
1178023
1178022
1178021
1178020
1178019
1178018
1178017
1178016
1178015
1175492
1175491
1175490
1175489
1175488
1175487
1175486
1175485
1175484
1175483
1175482
1175481
1175480
1175479
1175478
1175477
1175476
1175475
1175474
1175473
1175472
1175470
1175469
1175468
1175467
1175466
1175465
1175464
1175463
1175462
1170983
1170981
1170976
1170975
1170974
1170973
1170972
1170969
1170968
1170965
1170963
1170962
1170959
1170958
1170957
1170956
1170955
1170954
1170953
1170951
1170950
1170949
1166333
1166332
1166331
1166330
1166329
1166328
1166327
1166326
1166325
1166324
1165478
1165477
1165476
1165475
1165474
1165473
1165472
1165471
1165470
1165469
1165468
1165467
1165456
1165446
1165445
1165444
1165443
1165442
1165441
1165440
1165435
1165432
1165252
1165251
1165250
1165249
1165248
1165247
1165246
1165245
1165244
1165243
1165242
1165241
1165240
1165239
1165238
1165237
1165236
1163459
1163456
1163453
1163450
1162837
1162836
1162835
1162834
1162833
1162832
1162831
1162830
1162829
1162828
1162826
1162825
1162824
1162823
1162822
1162821
1162820
1162819
1162818
1162276
1162275
1162274
1162273
1162272
1162271
1162270
1162269
1162268
1162229
1162228
1162227
1162226
1162225
1162224
1162223
1162222
1162221
1162220
1162219
1162218
1162217
1162216
1162214
1162213
1162212
1162211
1162210
1161123
1161122
1161121
1161120
1161117
1161116
1161115
1103775
1103774
1103773
1103772
1103771
1103770
1103769
1103768
1103767
1103766
1103752
1103751
1103750
1103749
1103748
1103747
1103746
1103745
1103744
716393
716392
716391
716390
716388
716387
716386
713688
713687
713686
713685
713684
713683
713682
713681
713680
713679
713678
713677
713676
713675
713674
713673
713672
713671
713670
713669
713668
713667
713666
713665
713664
713663
713662
713661
713660
713659
713658
713657
713656
713655
713654
713653
713652
713651
713650
713649
713648
713647
713646
713645
713417
713416
713415
713414
713413
713412
713411
713410
713409
713408
713407
713406
713405
713404
713403
713402
713401
713400
713399
713398
713397
713396
713395
713394
713393
713392
713391
713390
713389
713388
713387
713386
713385
713384
713383
713382
713381
713380
713379
713378
713377
713376
713375
713374
713373
713372
713371
713370
713369
713368
713367
713366
713365
713364
713363
713148
713147
713146
713145
713144
713143
713142
713141
713140
713139
713138
713137
713136
713135
713134
713133
713132
713131
713130
713129
713128
713127
713126
713125
713124
713123
713122
713121
713120
713119
713118
713117
713116
713115
713114
713113
712881
701793
701792
701791
701790
701789
701788
701787
701786
701785
701784
701783
701782
701781
701780
701779
701778
701777
701776
701775
701774
701773
701772
701771
701770
701769
701768
701767
701766
701765
701764
701763
701762
701761
701760
701759
701758
701757
701756
701755
701754
701753
701752
701751
701750
701749
701748
701747
701746
701745
701565
701564
701563
701562
701561
701560
701559
701558
700883
700882
700881
700880
700878
700874
700873
700872
700871
700870
700869
700868
700867
700866
700865
700555
700554
700553
700552
700551
700550
700549
700548
700547
700546
700545
700544
700543
700542
700541
700540
1329425
1329424
1329423
1329422
1329421
1329420
1329419
1329418
1329417
1329416
1329415
1329414
1329413
1329412
1329411
1329410
1329409
1329408
1329407
1329406
1329405
1329404
1329403
1329402
1329401
1329400
1329399
1329398
1329397
1329396
1329395
1329394
1329393
1329392
1329391
1329390
1329389
1329388
1329387
1329386
1329385
1329384
1329383
1329382
1329381
1329380
1329379
1329374
1326832
1326831
1326830
1326829
1326828
1326827
1326826
1326825
1326824
1326823
1326822
1326821
1326820
1326819
1326818
1326817
1326816
1326815
1326814
1326813
1326812
1326811
1326810
1326809
1326808
1319598
1319597
1319596
1319595
1319594
1319593
1319592
1319591
1319590
1319589
1319588
1319587
1319586
1319585
1319584
1319583
1319582
1319581
1319580
1319579
1319578
1319577
1319576
1319575
1319574
1319573
1319572
1319571
1319570
1319569
1319568
1319567
1319561
1319560
1310508
1310507
1310506
1310505
1310504
1310503
1310502
1310501
1310500
1310499
1310498
1310497
1310496
1310495
1310494
1310493
1310492
1310491
1310490
1310489
1310488
1310487
1310486
1310485
1310484
1310483
1310482
1310481
1310480
1310479
1310478
1310477
1310476
1310475
1310474
1310473
1310472
1310471
1310470
1310469
1310468
1310467
1310466
1310465
1310464
1310463
1310462
1310461
1310460
1310459
1310458
1310457
1310456
1310455
1310451
1310450
1310449
1310448
1310447
1310446
1310445
1310444
1310443
1310442
1310441
1310440
1310439
1310438
1310437
1310436
1310435
1310434
1310433
1310432
1310431
1310430
1310429
1310428
1310427
1310426
1310425
1310424
1310423
1310422
1310421
1310420
1310419
1310418
1310417
1310416
1310415
1310414
1310413
1310412
1310411
1308562
1308561
1308559
1308557
1308555
1308553
1308552
1308551
1308537
1308536
1306314
1306312
1306311
1306310
1306309
1306308
1306307
1306306
1306305
1306304
1306303
1306302
1306301
1306298
1306297
1306296
1306295
1303292
1303291
1303290
1303289
1303288
1303287
1303286
1303285
1303284
1303283
1303282
1303281
1303280
1303279
1303278
1303277
1303276
1303275
1303274
1303273
1303272
1303271
1303270
1303269
1303268
1303267
1303266
1303265
1303264
1303263
1303262
1303261
1303260
1303259
1303258
1303257
1303256
1303255
1303254
1303253
1303252
1303251
1303250
1303249
1303248
1303247
1303246
1303245
1303244
1303243
1303242
1303241
1303240
1303239
1303238
1303237
1303236
1303235
1300985
1300984
1300983
1300982
1300981
1300980
1300979
1300978
1300977
1300976
1300975
1300974
1300973
1300972
1300971
1300970
1300969
1300968
1300967
1300966
1300965
1300964
1300963
1300962
1300961
1300960
1300959
1300958
1300957
1300956
1300955
1300954
1300953
1300952
1300951
1300849
1300848
1300847
1300846
1300845
1300844
1300843
1300842
1296469
1296468
1296467
1296466
1296465
1296464
1296463
1296462
1296461
1296460
1295517
1292160
1292159
1292158
1292157
1292156
1292155
1292154
1292153
1292152
1292151
1292150
1292149
1292148
1292147
1292146
1292145
1292144
1292143
1292137
1292136
1252575
1252574
1252573
1252572
1252571
1252570
1252569
1252568
1252567
1252566
1252565
1252564
1252563
1252562
1252561
1252560
1252559
1252558
1252557
1252556
1252555
1252554
1252553
1252552
1252551
1252550
1252541
1247300
1247299
1247298
1247297
1247296
1247295
1247294
1247293
1247292
1247291
1247290
1247289
1247288
1247287
1247286
1247285
1247284
1247283
1247282
1247281
1247280
1247279
1244564
1244563
1244562
1244561
1244560
1244559
1244558
1244557
1244556
1244555
1244554
1244553
1244552
1244551
1244550
1244549
1244548
1244547
1244546
1244545
1244544
1244543
1242152
1242151
1242150
1242149
1242148
1242147
1242146
1242145
1242144
1242143
1242142
1242141
1242140
1242139
1242138
1242137
1242136
1242135
1242134
1242133
1242132
1242131
1242130
1242129
1235428
1235427
1235426
1235425
1235424
1235423
1235422
1235421
1235420
1235419
1235418
1235417
1235416
1235415
1235414
1235413
1235412
1235411
1235410
1235409
1235408
1235407
1235405
1235403
1235402
1235401
1235399
1235398
1235397
1235395
1235394
1235393
1235391
1235390
1235389
1235387
1235386
1235385
1228074
1228073
1228072
1228071
1228070
1228069
1228068
1228067
1228066
1228065
1228064
1228063
1228062
1228061
1228060
1228059
1228058
1228057
1228056
1228055
1228052
1228051
1508555
1508554
1508553
1507189
1507182
1507181
1507180
1507179
1507178
1507177
1507176
1507175
1507174
1507173
1507172
1507171
1507170
1507169
1507168
1507167
1507166
1507165
1507164
1507163
1507162
1507161
1507160
1507159
1507158
1507157
1507156
1507155
1507154
1507153
1507152
1507151
1507150
1507149
1507148
1507147
1507146
1507145
1507144
1507143
1507142
1507141
1507140
1507139
1507138
1507137
1507136
1507135
1507131
1507130
1506913
1506912
1506911
1506910
1506909
1506908
1506907
1506906
1506905
1506904
1506903
1506902
1506901
1506900
1506899
1506898
1506897
1506896
1506895
1506894
1506893
1506892
1506891
1506890
1506889
1506888
1506887
1506886
1506885
1506884
1506883
1506882
1503641
1503640
1503639
1503638
1503637
1503634
1503633
1503632
1503024
1503023
1503022
1503021
1503020
1503019
1503018
1503017
1503016
1503015
1503014
1503013
1503012
1503011
1503010
1503009
1503008
1503007
1503006
1503005
1503004
1503003
1503002
1503001
1503000
1502999
1502998
1502997
1502996
1502995
1502994
1502993
1502992
1502991
1502990
1502989
1502984
1501898
1501897
1501896
1501895
1501894
1501893
1501892
1501891
1501890
1501889
1501888
1501887
1501886
1501885
1501884
1501883
1501881
1501880
1501879
1500564
1500563
1500562
1500561
1500560
1500559
1500558
1500557
1500556
1500555
1500554
1500553
1500552
1500551
1500550
1500549
1500548
1500547
1500546
1500545
1500544
1500543
1500542
1500541
1500540
1500539
1500538
1500537
1500536
1500535
1500534
1500533
1500532
1500531
1500526
1500525
1496290
1496289
1496288
1496287
1496286
1496285
1496284
1496283
1496282
1496281
1496280
1496279
1496278
1496277
1496276
1496275
1496274
1496273
1496272
1496271
1496269
1496268
1496267
1496266
1496265
1496264
1496263
1496262
1495321
1495318
1495317
1495316
1495315
1495314
1495313
1495312
1495311
1495310
1495309
1495308
1495307
1495306
1495305
1495304
1495303
1495302
1495301
1495300
1495299
1495298
1495297
1495296
1495295
1495294
1495293
1495292
1495291
1495290
1495289
1495288
1495287
1495286
1495285
1495284
1495283
1495282
1495281
1495280
1493786
1493785
1493784
1493783
1493780
1493779
1493778
1287195
1287193
1287187
1287163
1284132
1284131
1284116
1284115
1284114
1284113
1284112
1284111
1284110
1284109
1284108
1284107
1284106
1277296
1277295
1277294
1277293
1277292
1277291
1277290
1277289
1277288
1277287
1277286
1277285
1277284
1277283
1277282
1277281
1277280
1277279
1277278
1277277
1277276
1277275
1277274
1277273
1277272
1277271
1277270
1277269
1277268
1277267
1277266
1277265
1277264
1277263
1277133
1277132
1277131
1277130
1277129
1277128
1277127
1277126
1277125
1277124
1277123
1277122
1277121
1277120
1277119
1277118
1277117
1277116
1277115
1277114
1277113
1277112
1277111
1277110
1277109
1277108
1277107
1277106
1277105
1277104
1277103
1277102
1277101
1277100
1277099
1277098
1277097
1277096
1277095
1277094
1277093
1277092
1277091
1277090
1277089
1277088
1277087
1277086
1277085
1277084
1277083
1277082
1277081
1277080
1277079
1277078
1277077
1277076
1276776
1276775
1276774
1276773
1276772
1276771
1276770
1276769
1276768
1276767
1276766
1276765
1276764
1276763
1276762
1276761
1276760
1276759
1276758
1276757
1276756
1276755
1276307
1276021
1273923
1273922
1273921
1273920
1273919
1273918
1273917
1273916
1273915
1273914
1273913
1273912
1273911
1273910
1273909
1273908
1273907
1273906
1273905
1273904
1273903
1273902
1273901
1273900
1273899
1273894
1273893
1273892
1267550
1267549
1267548
1267547
1267546
1267545
1267544
1267540
1267539
1267538
1267537
1265464
1265438
1265409
1261172
1261171
1261170
1261169
1261168
1261167
1261166
1261165
1261164
1261163
1261162
1261161
1261160
1261159
1261158
1261157
1261156
1261155
1261154
1261153
1261152
1261151
1261150
1261149
1261148
1261147
1261146
1261145
1261144
1261143
1261142
1261141
1261140
1261139
1261138
1261131
1491452
1491451
1491450
1491449
1491448
1491447
1491446
1491445
1491444
1491443
1491442
1491441
1491440
1491439
1491438
1491437
1491436
1491435
1491434
1491433
1491432
1491431
1491430
1491429
1491428
1491427
1491426
1491425
1491424
1491423
1491422
1491421
1491420
1491419
1491418
1491412
1491411
1491410
1488503
1488502
1488501
1488500
1488499
1488498
1488497
1488496
1488495
1485439
1485435
1485434
1485433
1485432
1485431
1485430
1485429
1485428
1485427
1485420
1485419
1485418
1485417
1480778
1480777
1480776
1480775
1480774
1480773
1480772
1480771
1480770
1480769
1480768
1480767
1480766
1480765
1480764
1480763
1480762
1480761
1480760
1480759
1480758
1480757
1480756
1480755
1480754
1480753
1480752
1480751
1480750
1480749
1480748
1480747
1480746
1480745
1480744
1480743
1480742
1480741
1474430
1474429
1474428
1474427
1474426
1474425
1474424
1474423
1474422
1474421
1474420
1474419
1474418
1474417
1474416
1474415
1474414
1474413
1474412
1474411
1474410
1474409
1474408
1474407
1474406
1474405
1474404
1474403
1474402
1474401
1474396
1474395
1469265
1469264
1469263
1469260
1469259
1469258
1469257
1469256
1469255
1469254
1469253
1469252
1469251
1469250
1469249
1469248
1469247
1469246
1469245
1469244
1469243
1469242
1469241
1469240
1469239
1469238
1469237
1469236
1469235
1469234
1469233
1469232
1469231
1469230
1469229
1469228
1469227
1469226
1469225
1469224
1469223
1469221
1469219
1469218
1469215
1469214
1469213
1469212
1469202
1469201
1469200
1466727
1466726
1466725
1466724
1466723
1466722
1466721
1466720
1466718
1466717
1466716
1466715
1466714
1466713
1466712
1466711
1460287
1460286
1460285
1460284
1460283
1460282
1460281
1460280
1460279
1460278
1460277
1460276
1460275
1460274
1460273
1460272
1460271
1460270
1460269
1460268
1460267
1460259
1460258
1460257
1460256
1460255
1460254
1460253
1460252
1460243
1460242
1460241
1458876
1458875
1458874
1458873
1458872
1458871
1458870
1458869
1458868
1458867
1458866
1458865
1458864
1458863
1458862
1458861
1458860
1458859
1458858
1458856
1458850
1458849
1458848
1458847
1458846
1458845
1458844
1458843
1458842
1458841
1458840
1458839
1458838
1458837
1458836
1458835
1458834
1458833
1458832
1458831
1458830
1458829
1458828
1458827
1458826
1458813
1452610
1452609
1452608
1452607
1452606
1452605
1452604
1452603
1452602
1452601
1452600
1452599
1452598
1452597
1452596
1452595
1452594
1452593
1452592
1452591
1452590
1452589
1452588
1452587
1452586
1452585
1452584
1452583
1452582
1452581
1452580
1452579
1452578
1452577
1452576
1452575
1452574
1452573
1452572
1452571
1452570
1452569
1452568
1452567
1450063
1450062
1450061
1450060
1450059
1450058
1450057
1450056
1450055
1450054
1450053
1450052
1450051
1450050
1450049
1450048
1450047
1450046
1450045
1450044
1450043
1450042
1450037
1446331
1446330
1446329
1446328
1446327
1446326
1446325
1446324
1446323
1446322
1446321
1446320
1446319
1446318
1446317
1446316
1446315
1446314
1446313
1446312
1446311
1446310
1446309
1446308
1446307
1446306
1446305
1446304
1446303
1446302
1446301
1446300
1446299
1446298
1446297
1446296
1446295
1446294
1446293
1446292
1446291
1446290
1446289
1446288
1446287
1446286
1446285
1446284
1446283
1446282
1446281
1444132
1444131
1444130
1444129
1444128
1444127
1444126
1444125
1444124
1444123
1444122
1444121
1444120
1444119
1444118
1444117
1444116
1438366
1438364
1438363
1438362
1438361
1438360
1438359
1438357
1438355
1437138
1437137
1437136
1437135
1437134
1437133
1437132
1437131
1437130
1437129
1437128
1437127
1437126
1437125
1437124
1437123
1437122
1437121
1437120
1437110
1437109
1437108
1437107
1437106
1437105
1437104
1437103
1437102
1437101
1437100
1437099
1437098
1437097
1435401
1435400
1435399
1435398
1435397
1435396
1435395
1435394
1435393
1435392
1435391
1435390
1435389
1435388
1435387
1435386
1435385
1435384
1435383
1435381
1435380
1435379
1435378
1435377
1435376
1435375
1435374
1435373
1434317
1434316
1434315
1434314
1434313
1434312
1434311
1434310
1434309
1434308
1434307
1434306
1434305
1434304
1432464
1432463
1432462
1432461
1432460
1432459
1432458
1432457
1432456
1432455
1432454
1432453
1432381
1432380
1432379
1432378
1432377
1432376
1432375
1432374
1432373
1432372
1432371
1432370
1432369
1432368
1432367
1432366
1432365
1432364
1432363
1432362
1432361
1432360
1432359
1432358
1432357
1432356
1432355
1432354
1432353
1432352
1432351
1432350
1432349
1432348
1432347
1432346
1432345
1432344
1432343
1432342
1432341
1432340
1432339
1432338
1432337
1432336
1432335
1432334
1432333
1432332
1432331
1432330
1432329
1432328
1432327
1432326
1432325
1432324
1432323
1432322
1432321
1432320
1432319
1432318
1432317
1432316
1432315
1432308
1432303
1432302
1432301
1432155
1432154
1432153
1432152
1432150
1432149
1432148
1432147
1432146
1432145
1432144
1432143
1432142
1432141
1432140
1432139
1432138
1432137
1432136
1432135
1432134
1432133
1432132
1432131
1432130
1432129
1432128
1432127
1432126
1432125
1432124
1432123
1432122
1432121
1432120
1432119
1432118
1432117
1432116
1432115
1431848
1431847
1431846
1431844
1431843
1431841
1431840
1431839
1431838
1431837
1431836
1431835
1431834
1431833
1431832
1431826
1431825
1431824
1431823
1428495
1428494
1428493
1428492
1428491
1428490
1428489
1428488
1428487
1428486
1428485
1428484
1428483
1428482
1428481
1428480
1428479
1428478
1428477
1428476
1428475
1428474
1428472
1428471
1428470
1428469
1428468
1427720
1426745
1426744
1426743
1426742
1426741
1426740
1426739
1426738
1426737
1426736
1426735
1426734
1426733
1426732
1426731
1426730
1426729
1426728
1426727
1426726
1426725
1426724
1426723
1426722
1426721
1426720
1426719
1426718
1426717
1426716
1426708
1426707
1426706
1426705
1426704
1426652
1426651
1426650
1426648
1426647
1426646
1426645
1426644
1426643
1426642
1426641
1426640
1426639
1426638
1426637
1426636
1426635
1426634
1426633
1426632
1426631
1426630
1426629
1426628
1426627
1426626
1426625
1426624
1426623
1426622
1426621
1426620
1426619
1426618
1426617
1426616
1426615
1426614
1426613
1426612
1426611
1426610
1426609
1426608
1426607
1426606
1426605
1426604
1426603
1426602
1426601
1426600
1426599
1426598
1426597
1426596
1426595
1426594
1426593
1426592
1426591
1426590
1426589
1426588
1426587
1426586
1426585
1426584
1426583
1426582
1426581
1426580
1426579
1426578
1426577
1426576
1426575
1426574
1426573
1426572
1426571
1426570
1426569
1426568
1426564
1426563
1426562
1426561
1426560
1426559
1426558
1426557
1426556
1426555
1426554
1426551
1426550
1426545
1426544
1426543
1064578
1064577
1064576
1064575
1064572
1064571
1064570
1064569
1064568
1064567
1064566
1064565
1064564
1064563
1064562
1064561
1064560
1064555
1064233
1064232
1064231
1064230
1064229
1064228
1064227
1064226
1064225
1064224
1064223
1064222
1064213
1064212
1064211
1064210
1064209
1064208
1064207
1064206
1064205
1064204
1064203
1064202
1063117
1063108
1063107
1063106
1063104
1063103
1063102
1063101
1063100
1063099
1063098
1063097
1063096
1063095
1063094
1063093
1063092
1063091
1063090
1063089
1063088
1063087
1063086
1063085
1063084
1063083
1063082
1063081
1063080
1063079
1063078
1063077
1063076
1063075
1063074
1063073
1063072
1063071
1063070
1063069
1063068
1063067
1063066
1063065
1063064
1063063
1063062
1063061
1063060
1061797
1061791
1061790
1061789
1061788
1061787
1061786
1061785
1061784
1061783
1061782
1061781
1061780
1061779
1061778
1061777
1057246
1057234
1057233
1057232
1057228
1057227
1057226
1057225
1057224
1057223
1057222
1057221
1057220
1057219
1057218
1057217
1057216
1057215
1057213
1057212
1057211
1057210
1057209
1057208
1057207
1057206
1057205
1057204
1057203
1057202
1057201
1419620
1419619
1419618
1419617
1419616
1419615
1419614
1419613
1419612
1419611
1419610
1419609
1419608
1419607
1419606
1419605
1419604
1419603
1419602
1419601
1419600
1419599
1419598
1419597
1419596
1419595
1419594
1419593
1419592
1419591
1419590
1419589
1419588
1419587
1416559
1416072
1415868
1415866
1415425
1415326
1415325
1413770
1413768
1413766
1413764
1411938
1411936
1407631
1407629
1407628
1407627
1405116
1405115
1405114
1405113
1405112
1405111
1405110
1405109
1405108
1405107
1405106
1405105
1405104
1405103
1405102
1405101
1405100
1405099
1405098
1405097
1405096
1405095
1405094
1405093
1405092
1405091
1405090
1405089
1405088
1405087
1405086
1405085
1405084
1405083
1405082
1405081
1405080
1405079
1405078
1405077
1405076
1404896
1404895
1404894
1404893
1404892
1404891
1404890
1404889
1404888
1404887
1404886
1404885
1404884
1404883
1404882
1404881
1404880
1404879
1404878
1404877
1404876
1404875
1404874
1404873
1404872
1404871
1404870
1404869
1404868
1404867
1404866
1404865
1404864
1404863
1404862
1404861
1404860
1404859
1404858
1404857
1404856
1404855
1404854
1404852
1404847
1404846
1403369
1403368
1403367
1403366
1397317
1397316
1397315
1397314
1397313
1397312
1397311
1397309
1397308
1397307
1397306
1397305
1397304
1397303
1397302
1397301
1397300
1397299
1397298
1397297
1397296
1397295
1397294
1397293
1397292
1397291
1397290
1397289
1397288
1397287
1397286
1397285
1397284
1397283
1397282
1397281
1397280
1397279
1397278
1397277
1397276
1397275
1397274
1397273
1397272
1397271
1397270
1397269
1397268
1397267
1397266
1397265
1397264
1397263
1397262
1397258
1395042
1395041
1395040
1395038
1395037
1395036
1395035
1395034
1395033
1395032
1395031
1395030
1395029
1395028
1395027
1395026
1395025
1395024
1395023
1395022
1395021
1395020
1395019
1395018
1395017
1395016
1395015
1395014
1395013
1395012
1395011
1395010
1395009
1393880
1393879
1393878
1393877
1393876
1393875
1393874
1393873
1393872
1393871
1393870
1393869
1393868
1393867
1393866
1393865
1393864
1393863
1393862
1393861
1393860
1393859
1393858
1393857
1393856
1393855
1393854
1393853
1393852
1393851
1393850
1393849
1393848
1393847
1393846
1390874
1390873
1390872
1390871
1390870
1390869
1390868
1390867
1390866
1390865
1390864
1390863
1390862
1390861
1390860
1390859
1390858
1390857
1390856
1143742
1143741
1143740
1143739
1143738
1143737
1138504
1138503
1138502
1138501
1138500
1138499
1138498
1138497
1138496
1138495
1138494
1138493
1138492
1138491
1138490
1138489
1138488
1138487
1138486
1138485
1138484
1138483
1138482
1138481
1138480
1138479
1138478
1138477
1138476
1138475
1138474
1138473
1138472
1138471
1129876
1129875
1129874
1129873
1129872
1129871
1129870
1129869
1129868
1129867
1129866
1129865
1129864
1129863
1129862
1129861
1129860
1129859
1129858
1129857
1129856
1129855
1129854
1129853
1129852
1390535
1390534
1390533
1390532
1390531
1390530
1390529
1390528
1390527
1390526
1390525
1390524
1390523
1390522
1390521
1390520
1390519
1390518
1390517
1390516
1390515
1390514
1390513
1390512
1390511
1390510
1390509
1390508
1390507
1390506
1390505
1383688
1383687
1383686
1383685
1383684
1383683
1383682
1383681
1383680
1383679
1383678
1383677
1383676
1383675
1383674
1383673
1383672
1383671
1383670
1383669
1383668
1383667
1383666
1383665
1383664
1383663
1383662
1383661
1383660
1383659
1383658
1383653
1383652
1383651
1383650
1383648
1383646
1383643
1381301
1381300
1381299
1381298
1381297
1381296
1381295
1381294
1381293
1381292
1381291
1381290
1381289
1381288
1381287
1381286
1381285
1381284
1381283
1381282
1381281
1381280
1381279
1381278
1381277
1381276
1381275
1381274
1381273
1381272
1381271
1381270
1381269
1381268
1381267
1381266
1381265
1381264
1381263
1381262
1375030
1375029
1375028
1375027
1370490
1370489
1370488
1370487
1366857
1366856
1366855
1366854
1366853
1366852
1366851
1366850
1366849
1366848
1366847
1366846
1366845
1366844
1366843
1366842
1366841
1366840
1366839
1366838
1365233
1365232
1365231
1365230
1365229
1365228
1365227
1365226
1365225
1365224
1365223
1365222
1365221
1365220
1365219
1365218
1361223
1361222
1361221
1361220
1361219
1361218
1361217
1361216
1361215
1361214
1361213
1361212
1361211
1361210
1361209
1361208
1361207
1361203
1361202
1361201
1361200
1361199
1361198
1361197
1361196
1361195
1361194
1361193
1361192
1361191
1361190
1357982
1357981
1357980
1357979
1357978
1357977
1357976
1357975
1357974
1357973
1357972
1357971
1357970
1357969
1357968
1357967
1357966
1357965
1357964
1357963
1357962
1357961
1357551
1357550
1357549
1357548
1357547
1357546
1357545
1357544
1357543
1357542
1357541
1357540
1357539
1357538
1357537
1357536
1357535
1357534
1357533
1357532
1357531
1357530
1357529
1352152
1352149
1352148
1352147
1352146
1352145
1352140
1352139
1352138
1259412
411106
411105
411104
411103
411102
411101
411100
411099
411098
411097
405758
405757
405756
405755
405754
405753
405752
405751
405750
405749
405748
405747
405746
405745
405744
405743
405742
405737
405736
405735
405734
405733
405732
405731
405730
405729
405728
405727
405726
405725
405724
405723
405722
405721
405720
405719
405718
405717
405716
405715
405714
405713
405712
405711
405710
346057
346056
346055
346054
346053
346052
346051
346050
346049
346048
346047
346045
346044
346043
344466
344465
344464
344463
407946
407945
407944
407943
407942
407941
407940
407935
407934
407933
384240
384239
384238
384237
384236
384235
384234
384233
384232
384231
384230
384229
384228
384227
384225
384224
384223
384222
384221
384220
384219
384218
384217
384216
383950
383949
383948
383947
383946
383945
383944
383943
383942
383941
383736
383735
383734
383733
383732
383731
383730
383729
383728
383724
383723
383722
383721
383720
383719
383718
383670
383669
383668
383667
383666
383665
383664
383663
383662
383661
383660
383659
340587
340585
340584
340583
340582
340581
340580
340579
340578
340577
340576
340575
340574
340573
340572
340571
340570
340569
340568
340567
340566
340565
340564
340563
340562
340561
402062
330890
330889
330888
330887
321547
308816
308815
308814
308813
308812
308811
308810
308809
308808
308807
308806
308805
308804
308803
308802
308801
308800
308799
308798
300143
300142
300141
300140
300139
300138
300137
300136
300135
300134
300133
300132
300131
300130
294658
285956
285955
285954
285953
285952
285951
285950
285949
285948
285947
285946
285945
285944
285943
283389
283388
283387
283386
283385
283384
268860
268859
268858
268857
268358
267796
267795
267794
267793
267792
267791
267790
267789
267788
251314
249983
249853
249852
249851
249850
249849
249848
249847
249846
249845
249844
249843
249842
220763
1254593
1254592
1254591
1227326
1227324
1227317
1227316
1227315
1227314
1227313
1227312
1202168
1202167
1202166
1202165
1202164
1202163
1202162
1202161
1202160
1202159
1202155
1202154
1202153
1202152
1202151
1202150
1202149
1202148
1202147
1202146
1202145
1202144
1202143
1202142
1202141
1202140
1202139
1202138
1202137
1202136
1202135
1202134
1202133
1202132
1202131
1202130
1202129
1202128
1202127
1202126
1185741
1185740
1185739
1185738
1185737
1185736
1185735
1185734
1185733
1185732
1185731
1185730
1185729
1185728
1185727
1165537
1165536
1165535
1165534
1165533
1165532
1165531
1165530
1165529
1165528
1165527
1165526
1165525
1165524
1165523
1165522
1165521
1165520
1165519
1165518
1165517
1165516
1165515
1165514
1165513
1165512
1165511
1165510
1165509
1165508
1165507
1165506
1165505
1165504
1165503
1165502
1165501
1165500
1165499
1165498
1165497
1165496
1165495
1165494
1165493
1165492
1165491
1165490
1165489
1165488
1165487
1165486
1165485
1165484
1165483
1165482
1165481
1165480
1165479
1165466
1165465
1165464
1165463
1165462
1165461
1165460
1165459
1165458
1165457
1165455
1165454
1165453
1165452
1165451
1165450
1165449
1165448
1165447
1165439
1165438
1165437
1165436
1165434
1165433
1165431
1165430
1165429
1163492
1163491
1163490
1163489
1163488
1163487
1163486
1163485
1163484
1163483
1163482
1163481
1163480
1163479
1163478
1163477
1163476
1163475
1163474
1163473
1163472
1163471
1163470
1163469
1163468
1163467
1163466
1163465
1163464
1163463
1163462
1163461
1163460
1163458
1163457
1163455
1163454
1163452
1163451
1161349
1161348
1161347
1161346
1161345
1161344
1161343
1161342
1161341
1161340
1161339
1161338
1161337
1161336
1161335
1161334
1161333
1161332
1161331
1161330
1161329
1161328
1161327
1161326
1154439
1154438
1154437
1154436
1154435
1154434
1154433
1154432
1154431
1154430
1154429
1154428
1154427
1154426
1154425
1154424
1154423
1154422
1154421
1154420
1154419
1154418
1154417
1154416
1154415
1154414
1154413
1154412
1154411
1154410
1154409
1154408
1154407
1154406
1121621
1121620
1121619
1121618
1121617
1121616
1121615
1121614
1121613
1121573
1121572
1077900
1076714
1076713
1076712
1076711
1076710
1076709
1076708
1076707
1076706
1076705
1076704
1076703
1076702
1076701
1055322
1055321
1055320
1055319
1055318
1055317
1055316
1055315
1055314
1055313
1055312
1055311
1055310
1055309
1055308
1055307
1055306
1055305
1055304
1055299
1055298
1055297
1055296
775937
775935
775934
775933
775932
775931
775930
775929
775928
775927
775926
775925
775924
775923
775922
775921
775920
775919
775918
775917
775916
775915
775914
775913
775912
775911
775910
775909
775908
775907
775906
775905
775904
775903
775902
775901
775900
775899
775898
775897
775896
775895
775894
775893
775892
775891
775890
775889
775888
775887
775886
775885
775884
775883
775882
775881
775880
775879
775878
775877
775876
775875
775874
775873
775872
775868
775867
775866
775865
775864
775863
775862
754353
754352
754351
754350
754349
754346
754345
754344
754342
754341
754340
754339
754338
754334
754333
754332
754331
754329
754327
754326
754325
754324
754323
754321
754320
754319
754318
752861
752860
752859
752858
752856
752855
752854
752853
752852
752851
752850
745804
745803
745801
745784
745783
745781
745780
745779
734049
734046
734045
734044
734042
734041
734040
734039
734038
734037
734036
734035
734034
734033
734032
734031
734030
734029
734028
734027
734025
734024
734023
734022
734021
733622
733621
1111117
1103786
1103785
1103784
1103783
1103782
1103781
1103780
1103779
1103778
1103777
1103776
1103765
1103764
1103763
1103762
1103761
1103760
1103759
1103758
1103757
1103756
1103755
1103754
1103753
1090825
1090824
1090823
1090822
1090821
1090820
1090819
1090818
1090817
1090816
1090464
1090463
1090460
1090459
1090458
1090456
1090455
1090454
1090453
1090451
1090450
1090447
1090446
1090445
1090444
1090443
1090442
1090441
1090440
1090439
1090438
1090437
1090436
1090435
1090432
1090431
1090430
1090429
1090427
1090426
1090425
1090424
1090423
1090422
1090421
716398
716394
716389
716385
716384
716383
716382
716381
703759
703758
703757
703756
703755
703754
703753
703752
703751
703750
703749
703747
675249
675248
675247
675246
675245
656954
656953
656951
656950
656948
656946
656944
617249
617186
617185
617184
617183
617182
617181
617180
617179
617178
617177
617176
617175
617174
617173
617172
617166
576511
549188
549187
549186
549185
549184
549183
549182
549181
549180
549179
549178
549177
549176
549175
549174
549173
549172
549171
549170
549169
549168
549167
549166
549165
549164
549163
549162
549161
549160
549159
549158
549157
549156
549155
549154
549153
549152
549151
513936
513935
513934
513933
513932
513931
513930
513929
513928
513927
513926
513925
513924
513923
513922
513921
513920
513919
513918
513917
513916
503341
503340
503339
503338
503337
503336
503335
503334
503333
503332
503331
503330
503329
503328
503327
503326
503325
503324
503323
503297
503296
503295
503294
503293
500515
500498
500496
500495
500493
500491
500490
500489
500488
500487
500485
500484
500483
500482
500481
500480
500479
500478
500477
500476
500475
500474
500473
500472
500471
500470
497361
497359
497358
497357
497356
497355
497354
497353
497352
491824
491823
491822
491820
491814
491813
491812
491811
491810
491809
491808
491807
487346
486866
486865
486864
486863
486862
486861
486860
486859
486858
486857
486856
486855
486854
486853
486852
486851
486850
486849
486848
486847
486846
486845
486844
486843
486842
486841
486840
486839
486838
486837
486836
486835
486670
486669
486668
486667
486666
486665
486664
486663
486662
486661
486660
486659
486658
486657
486656
486655
486654
486653
468150
468149
468148
468147
468145
468144
468143
468142
465213
465212
458859
458858
458857
457845
457844
457843
457842
457841
457828
457827
457826
457825
457824
457823
457822
457821
457820
457819
457818
457817
457816
457815
457814
457813
457812
457811
457810
457809
457808
457807
457806
457805
457804
457803
457802
457801
457800
457554
457553
457552
457551
457550
457549
351860
351859
351676
351675
351674
351673
351672
351671
351670
351669
351668
351667
351666
351665
351664
351661
351660
351659
351658
351657
1339187
1339186
1339184
1339178
1339177
1339173
1336774
1336763
1336762
1336761
1336760
1336758
1336757
1336756
1336755
1336754
1336753
1336752
1308613
1308612
1308611
1308604
1308603
1308602
1308601
1308600
1308599
1308598
1308597
1308596
1308595
1308594
1308593
1308592
1308591
1308590
1308589
1308588
1308587
1308586
1308585
1308584
1308583
1308582
1308581
1308580
1308579
1308578
1308577
1308576
1308575
1308574
1308573
1308572
1308571
1308570
1308569
1308568
1308567
1308566
1308565
1308564
1308563
1308550
1308538
1287201
1287200
1287199
1287198
1287197
1287196
1287194
1287192
1287191
1287190
1287189
1287188
1287186
1287185
1287184
1287183
1287182
1287181
1287180
1287179
1287178
1287177
1287176
1287175
1287174
1287173
1287172
1287171
1287170
1287169
1287168
1287167
1287166
1287165
1287164
1287161
1279655
1279654
1279652
1279651
1279650
1276328
1276327
1276326
1276325
1276324
1276323
1276322
1276321
1276320
1276319
1276318
1276317
1276316
1276315
1276314
1276313
1276312
1276311
1276310
1276309
1276308
1265467
1265466
1265465
1265463
1265462
1265461
1265460
1265459
1265458
1265457
1265456
1265455
1265454
1265453
1265452
1265451
1265450
1265449
1265448
1265447
1265446
1265445
1265444
1265443
1265442
1265441
1265440
1265439
1265437
1265436
1265435
1265434
1265433
1265432
1265431
1265430
1265429
1265428
1265427
1265426
1265425
1265424
1265423
1265422
1265421
1265420
1265419
1265418
1265417
1265416
1265415
1265414
1265413
1265412
1265411
1265410
1265408
1263226
1263225
