nohup python rf_opt5_desc.py desc 1> rf_opt5_desc.log 2> rf_opt5_desc.err &


# let's try scikit-learn-intelex for speed-up!
# https://intel.github.io/scikit-learn-intelex/
conda install -c conda-forge scikit-learn-intelex
python -m sklearnex rf_opt6_desc.py desc 1> rf_opt6_desc.log 2> rf_opt6_desc.err &



 df4.sort_values(by='avg_metrics', ascending=False ).head(50)
Out[31]:
    ntrees_nsamples_ndepth_nfeats  bal_acc  (bal_acc)  avg_prec  (avg_prec)  roc_auc  (roc_auc)     f1   (f1)  avg_metrics
268               600_1.0_25_0.33    0.753      0.006     0.655       0.021    0.959      0.005  0.621  0.013      0.74700
271               600_1.0_40_0.33    0.728      0.003     0.688       0.020    0.962      0.007  0.598  0.007      0.74400
265             600_1.0_none_0.33    0.704      0.004     0.734       0.020    0.965      0.006  0.571  0.009      0.74350
269               600_1.0_25_0.40    0.753      0.005     0.643       0.021    0.959      0.007  0.615  0.009      0.74250
272               600_1.0_40_0.40    0.731      0.005     0.676       0.017    0.961      0.006  0.600  0.011      0.74200
310             600_1.0_none_0.33    0.702      0.006     0.735       0.021    0.965      0.005  0.566  0.012      0.74200
266             600_1.0_none_0.40    0.702      0.007     0.730       0.020    0.963      0.006  0.566  0.012      0.74025
312             600_1.0_none_0.50    0.702      0.009     0.726       0.018    0.965      0.006  0.567  0.019      0.74000
311             600_1.0_none_0.40    0.701      0.007     0.729       0.020    0.964      0.004  0.563  0.015      0.73925
267             600_1.0_none_0.50    0.702      0.006     0.724       0.017    0.965      0.005  0.566  0.012      0.73925
273               600_1.0_40_0.50    0.730      0.004     0.663       0.014    0.960      0.006  0.597  0.007      0.73750
319               600_1.0_12_0.33    0.799      0.005     0.612       0.022    0.953      0.007  0.582  0.013      0.73650
270               600_1.0_25_0.50    0.754      0.005     0.629       0.017    0.958      0.006  0.601  0.009      0.73550
320               600_1.0_12_0.40    0.802      0.008     0.598       0.021    0.953      0.007  0.563  0.023      0.72900
321               600_1.0_12_0.50    0.799      0.006     0.582       0.019    0.951      0.008  0.538  0.023      0.71750
24              600_1.0_none_0.05    0.902      0.007     0.757       0.026    0.969      0.004  0.155  0.003      0.69575
25              600_1.0_none_0.10    0.902      0.007     0.755       0.024    0.965      0.007  0.153  0.002      0.69375
26              600_1.0_none_0.20    0.900      0.006     0.749       0.022    0.967      0.006  0.148  0.002      0.69100
27              600_1.0_none_0.25    0.900      0.007     0.746       0.021    0.967      0.006  0.146  0.003      0.68975
12              600_0.6_none_0.05    0.894      0.007     0.743       0.026    0.965      0.006  0.142  0.002      0.68600
13              600_0.6_none_0.10    0.894      0.008     0.744       0.021    0.964      0.007  0.138  0.003      0.68500
14              600_0.6_none_0.20    0.893      0.007     0.738       0.021    0.965      0.006  0.135  0.002      0.68275
15              600_0.6_none_0.25    0.894      0.007     0.736       0.020    0.965      0.006  0.134  0.002      0.68225
0               600_0.4_none_0.05    0.889      0.005     0.728       0.024    0.963      0.004  0.130  0.002      0.67750
1               600_0.4_none_0.10    0.890      0.006     0.727       0.022    0.964      0.005  0.129  0.002      0.67750
2               600_0.4_none_0.20    0.890      0.008     0.721       0.019    0.965      0.005  0.125  0.003      0.67525
3               600_0.4_none_0.25    0.888      0.007     0.718       0.018    0.964      0.006  0.124  0.003      0.67350
32                600_1.0_20_0.05    0.879      0.006     0.733       0.027    0.964      0.006  0.116  0.002      0.67300

